newobj_area: [[0.6, 0.85, 0.93, 1], [0.43, 0.37, 0.51, 0.42]]
db_th: [[0.8, 40], [0.7, 20]]
smooth_th: [[0.3, 0.3, 2.5], [0.3, 0.3, 2.5]]
diff_th: [80, 25]
s_range: [13943.79057734, 369.48092129]
r_range: [2.25917098, 1.18127659]
s_max: [47774.87880008, 2944.000512]
r_max: [9.22225778, 2.6470563]
s_min: [1299.999168, 99.0]
r_min: [0.98974317, 0.472224]
left_area: [[0, 0.8, 0.5, 1]]
maxVars: 20
P: [[-604.267339, -596.312611, 3625.25947], [-228.632166, -8.41399791, 2964.81616], [-0.976216446, -0.0349695617, 7.17873163]]
P_inv: [[6.00858569e-05, 0.00576748079, -2.41231292], [-0.0017397063, -0.00110911711, 1.33661704], [-3.03669932e-07, 0.00077890142, -0.182232559]]
mean: [-8.8988, 1.1776]
std: [8.6744, 7.4409]