newobj_area: [[0.95, 0.66, 1, 0.76], [0.9, 0.52, 0.97, 0.58], [0.45, 0.46, 0.485, 0.52]]
db_th: [[0.7, 20], [0.7, 20], [0.7, 10]]
smooth_th: [[0.3, 0.3, 2.5], [0.3, 0.3, 2.5], [0.3, 0.3, 2.5]]
diff_th: [40, 40, 30]
s_range: [10547.67196897, 4981.5940223, 1824.78141691]
r_range: [0.64463154, 0.57269584, 0.75496395]
s_min: [952.0009952, 855.000396, 555.00066]
r_min: [0.12999993, 0.30434777, 0.35714276]
left_area: [[0.9, 0.73, 1, 1]]
maxVars: 0.3
P: [[1480.6354, -2078.56227, 18716.5803], [-170.553624, -352.523956, 27766.7785], [-0.534998994, -0.842470322, 38.511482]]
P_inv: [[0.00031749112, 0.00207900059, -1.65326011], [-0.000268021619, 0.00216808745, -1.43293254], [-1.45262729e-06, 7.63100353e-05, -0.0283472766]]
mean: [1.4174, -11.0999]
std: [12.9558, 14.4096]