newobj_area: [[0.275, 0, 0.4, 0.08], [0.9, 0.4, 1, 0.6]]
db_th: [[0.8, 8], [1.7, 15]]
smooth_th: [[0.3, 0.3, 2.5], [0.3, 0.3, 3]]
diff_th: [25, 40]
s_range: [982.78245484, 16583.96012984]
r_range: [1.23919824, 0.84599563]
s_max: [83036.71211996, 27060.0264]
r_max: [4.78125478, 1.04761839]
s_min: [66.0000912, 687.9994688]
r_min: [0.70748139, 0.6421568]
left_area: [[0, 0.8, 1, 1]]
maxVars: 0.3
P: [[-6.29031115e+02, -6.24599394e+02, 5.56256014e+03], [-2.25019660e+01, 1.29010015e+02, 3.99053228e+03], [-5.14401268e-02, -6.09863107e-01, 6.04626103e+00]]
P_inv: [[-1.72313402e-03, -2.05942838e-04, 1.72120557e+00], [3.71149585e-05, 1.88583378e-03, -1.27879606e+00], [-1.09163644e-05, 1.88464692e-04, 5.10478285e-02]]
mean: [7.7169504, -12.888864]
std: [4.960986, 9.023816]