newobj_area: [[0, 0.5, 0.08, 0.9]]
db_th: [[0.7, 20]]
smooth_th: [[0.3, 0.3, 2.5]]
diff_th: [80]
s_range: [20479.79888758]
r_range: [0.60965294]
s_min: [319.0007576]
r_min: [0.08633074]
left_area: [[0.25, 0.75, 0.85, 1]]
maxVars: 0.3
P: [[-3046.11903, -781.249189, 23192.6052], [35.1704729, -74.3773425, 12662.6293], [-0.0526941692, -0.986708051, 22.2151391]]
P_inv: [[-0.000330648741, 0.000168610824, 0.249089115], [4.41768199e-05, 0.00202645865, -1.20120203], [1.17786178e-06, 9.04071705e-05, -0.00774742705]]
mean: [1.3653, -13.6751]
std: [6.123, 11.9905]